874055
194308
13861
975068
607160
818895
549925
614339
937646
418507
259726
865443
411418
263082
10969
745362
785777
678588
787012
756919
379316
258182
274847
539770
782922
153211
98692
989066
668553
447450
652580
615626
614739
470435
182459
409945
851613
610551
890789
148220
653195
338827
116619
479915
717751
606280
750453
190005
710801
375811
191940
330256
534496
32852
440439
542977
858407
53973
149866
990564
892962
872953
800160
336537
674287
172166
91253
736331
3018
521648
716534
346910
776049
28692
335052
442292
172134
754061
743187
387484
976211
826615
769096
813273
706823
696702
116641
826762
532447
896545
857975
769146
342528
310025
169759
400518
209216
240384
633302
182183
183780
838224
449498
271516
251524
50361
537941
909813
486219
600141
549172
884541
838491
570156
20951
14213
473357
120920
66017
611337
339286
682356
642094
380610
664517
407390
394340
506759
225512
851621
524195
718113
814990
662569
526294
174122
881512
525710
973291
182880
420105
339228
909215
495563
208653
259831
841586
909833
332885
751862
172282
333747
70384
874849
884308
348846
357717
741388
382069
710224
500620
865930
112350
334828
501613
294928
919022
558076
610177
692392
36433
392106
491013
484750
739030
866491
444940
933995
19807
866392
57796
874539
212401
359547
406737
350781
813420
290418
260181
359
73364
820243
551505
130435
43085
515773
802853
301337
175462
907654
487411
878490
401612
590534
904482
913527
823071
499839
709694
725852
819745
926759
991357
760205
247498
940436
779741
902555
868922
4548
712168
681346
990598
516677
946585
707426
256627
548679
8153
787416
14401
279868
215394
226169
668254
698537
992069
424491
949884
204685
410182
237983
511612
160170
934117
276334
825353
166580
555256
680591
999618
999253
416627
910131
812815
474523
212810
121661
388949
639871
634861
103585
119812
49299
20082
579096
583885
141319
322513
128125
67313
458711
236296
872392
430901
561749
590175
831652
318066
197582
864454
703086
377096
581020
40282
904396
226739
591624
955782
401384
506550
580057
127750
207176
941107
613182
393223
791820
330780
666131
450219
899011
75460
293331
216808
727081
955023
465627
53520
816257
554952
390039
306923
789451
76561
282507
159424
429411
286453
741184
771251
687606
276762
310985
149384
292449
77778
20592
159301
431848
389264
74114
657334
789903
959607
25460
405194
128024
688270
926065
756123
729626
41552
449025
849611
495739
656160
435543
684682
347786
631130
627383
238835
637115
472005
232898
654102
273728
317284
692703
125585
740160
948396
746312
431255
763638
142671
512366
67666
596841
851639
808394
619621
516291
88334
730882
114378
88209
638266
533108
375771
841622
629670
198497
223468
877388
811452
707193
454741
954680
740975
648895
409933
598889
344244
666072
935729
131853
792080
802230
147941
486575
397324
684444
603345
491281
943750
118989
665165
420769
118178
736597
671703
597916
932445
130419
226369
738876
816513
718113
736488
985311
901493
693122
253598
790134
594604
490343
701033
664358
84542
726014
939877
53182
40659
568600
357828
342421
836987
148949
396342
883264
980444
270191
676388
666350
786435
867679
690901
170016
774811
566127
932659
701319
100923
622494
289768
98427
510361
895337
307747
405334
137820
499516
298487
646059
755088
327541
954530
467686
606835
608657
887978
835394
406124
280629
492387
378465
600859
251227
194446
700683
946891
465623
482204
522245
740420
494213
2768
318797
321534
291217
805954
807345
318639
168611
477055
530505
380805
446949
622926
774935
625776
453170
215118
431609
20374
165852
644667
324744
981866
187354
144207
751889
717911
559821
145348
813742
385046
267565
839224
108480
912671
360212
578986
375946
250299
581031
920865
534893
565624
635421
14764
267644
310198
161773
952900
546107
683807
467160
368845
909433
985012
936080
875387
993927
90178
258244
102866
472148
187507
635081
928134
260582
572928
61862
491648
246583
712772
266748
817858
525994
852204
105488
24737
93032
573003
442551
439473
703260
87690
648477
505792
610439
196541
858929
802360
468992
538896
154928
548072
162508
157920
679693
936540
239638
839142
749114
515688
723019
144398
197718
991428
159956
679270
691827
236433
506993
280561
248322
300154
846511
894812
373726
260725
620741
123656
466034
390441
311313
757830
203783
676906
507818
276129
172013
697631
139105
853588
398725
508933
813465
585116
685162
680972
526848
398376
293754
244831
203305
37614
819972
294785
759880
651479
220368
85011
711241
609818
144645
115250
264461
833575
860219
138045
964418
999097
308062
614708
64285
396494
985211
118844
211895
803059
992682
533759
423681
335480
573144
218544
526950
140036
524784
295532
942396
343297
505510
873404
671333
559031
415904
537015
730760
597175
159809
750276
386983
996397
923602
295421
773662
269721
387343
257968
146231
280919
988812
33599
102764
769946
394882
371303
600762
306487
525946
235037
324446
205725
868309
800340
323759
685155
389366
970012
552471
182330
214156
425188
573999
313474
828799
602144
196598
35064
438198
187461
384302
902028
326083
624497
230292
474704
620844
960617
368890
996173
475991
570554
280450
629360
63057
471680
19065
988450
484155
528581
103053
48373
996625
193601
822957
893817
488664
63424
438396
489263
507748
819681
459505
947157
914243
852858
156749
206560
679113
6361
37242
669000
910585
718437
254525
836349
24909
297252
933272
838903
609507
800982
299519
791595
290564
855550
15092
332697
921937
316032
981825
460930
359820
883557
537874
889144
403648
655612
44716
273997
904975
340316
783566
984685
731670
200836
747874
102472
48190
564387
197984
786791
579234
89139
539328
454048
731160
28351
258905
636965
847646
646470
925083
507702
796323
472568
184742
916471
191727
568797
661316
473372
140783
342933
126154
976960
325537
403002
984582
397525
851800
215905
800997
881910
305708
635968
107428
522585
526146
523881
416049
118304
17396
308340
383518
320846
772060
4540
576576
836438
177986
180159
224298
684367
173024
690921
398657
199429
835662
853482
742908
440553
175438
492611
999227
883560
940342
287777
507840
523480
499062
189344
447630
874319
573317
292016
444124
481038
329517
367829
612406
125531
205615
567624
716529
284780
493652
79483
367177
395583
37777
82234
675673
722439
844693
116717
822261
848384
695475
497082
650919
274596
418919
273479
864901
337654
232007
419229
414636
437947
258951
224616
215707
359368
702569
400027
352238
257271
669695
118896
502516
493299
369694
739981
567216
877939
752481
888834
120937
125316
63703
989423
63278
667710
12170
510979
65770
962008
657645
471711
912799
586264
807393
304344
241539
371618
976548
892891
28020
115442
749718
140331
911064
737957
79721
138887
14037
639537
407461
891303
837354
244726
365782
607076
469736
755564
581203
281399
520977
492539
791915
964889
282955
205801
531181
305226
704961
210733
323924
688110
827479
423779
245837
176017
986247
150041
464423
374603
270941
591686
882454
523327
623691
796442
983396
431229
783466
689201
272437
133448
2702
693281
78773
